1 0 0 47983024913640 4
0 1 0 140736740318408 4
2 1 0 140736740318400 4
2 1 0 140736740318392 4
3 0 0 47982693211072 4
334 1 0 47982693213480 4
2 0 0 47982693212088 4
298 1 0 47982693211560 4
2 1 0 47982693213496 4
2 0 0 47982693211720 4
286 1 0 47982693213656 4
9 0 0 47982693211736 4
291 1 0 47982693213576 4
7 0 0 47982693211752 4
293 1 0 47982693214144 4
26 0 0 47982693211768 4
284 1 0 47982693213584 4
7 0 0 47982693211784 4
293 1 0 47982693213592 4
7 0 0 47982693211800 4
293 1 0 47982693213624 4
7 0 0 47982693211816 4
263 1 0 47982693213632 4
7 0 0 47982693211832 4
293 1 0 47982693213568 4
7 0 0 47982693211848 4
293 1 0 47982693213560 4
7 0 0 47982693211864 4
293 1 0 47982693213704 4
7 0 0 47982693211880 4
293 1 0 47982693213728 4
7 0 0 47982693211896 4
293 1 0 47982693213600 4
7 0 0 47982693211912 4
293 1 0 47982693213608 4
7 0 0 47982693211928 4
293 1 0 47982693213616 4
7 0 0 47982693211944 4
293 1 0 47982693213840 4
13 0 0 47982693211960 4
297 1 0 47982693213832 4
13 0 0 47982693211976 4
287 1 0 47982693213936 4
13 0 0 47982693211992 4
287 1 0 47982693213864 4
13 0 0 47982693212008 4
306 0 0 47982693211744 4
291 1 0 47982693211744 4
3 0 0 47982693211840 4
297 1 0 47982693211840 4
3 0 0 47982693211776 4
297 1 0 47982693211776 4
3 0 0 47982693211792 4
287 1 0 47982693211792 4
3 0 0 47982693211904 4
297 1 0 47982693211904 4
3 0 0 47982693211888 4
287 1 0 47982693211888 4
3 0 0 47982693211984 4
297 1 0 47982693211984 4
3 0 0 47982693211760 4
297 1 0 47982693211760 4
3 0 0 47982693211872 4
304 0 0 47982693211936 4
293 0 0 47982693213848 4
300 0 0 47982693213784 4
300 0 0 47982693213776 4
300 0 0 47982693213664 4
311 0 0 47982693211920 4
309 0 0 47982693211856 4
300 0 0 47982693212000 4
290 0 0 47982691002448 4
300 0 0 47982691002440 4
300 0 0 47982691002456 4
300 1 0 47982693211072 4
5 0 0 47982691002472 4
285 0 0 47982691002464 4
300 0 0 47982691002480 4
300 1 0 47982693211328 4
5 0 0 47982691002496 4
295 0 0 47982691002488 4
300 0 0 47982691002504 4
300 1 0 47982693211336 4
5 0 0 47982691002520 4
295 0 0 47982691002512 4
300 0 0 47982691002528 4
300 1 0 47982693211344 4
5 0 0 47982691002544 4
295 0 0 47982691002536 4
300 0 0 47982691002552 4
300 1 0 47982693211352 4
5 0 0 47982691002568 4
295 0 0 47982691002560 4
300 0 0 47982691002576 4
300 1 0 47982693211360 4
5 0 0 47982691002592 4
295 0 0 47982691002584 4
300 0 0 47982691002600 4
300 1 0 47982693211368 4
5 0 0 47982691002616 4
295 0 0 47982691002608 4
300 0 0 47982691002624 4
300 1 0 47982693211376 4
5 0 0 47982691002640 4
295 0 0 47982691002632 4
300 0 0 47982691002648 4
300 1 0 47982693211384 4
5 0 0 47982691002664 4
295 0 0 47982691002656 4
300 0 0 47982691002672 4
300 1 0 47982693212088 4
5 0 0 47982691002688 4
225 0 0 47982691002680 4
280 0 0 47982691002696 4
300 1 0 47982693212096 4
5 0 0 47982691002712 4
295 0 0 47982691002704 4
290 0 0 47982691002720 4
300 1 0 47982693214968 4
8 0 0 47982691002736 4
292 0 0 47982691002728 4
311 0 0 47982691001744 4
299 0 0 47982691002744 4
300 1 0 47982693212104 4
2 0 0 47982691002760 4
298 0 0 47982691002752 4
311 0 0 47982691001360 4
299 0 0 47982691002768 4
300 1 0 47982693212112 4
2 0 0 47982691002784 4
288 0 0 47982691002776 4
301 0 0 47982691001432 4
299 0 0 47982691002792 4
300 1 0 47982693212160 4
2 0 0 47982691002808 4
298 0 0 47982691002800 4
301 0 0 47982691001696 4
289 0 0 47982691002816 4
220 1 0 47982693212168 4
2 0 0 47982691002832 4
208 0 0 47982691002824 4
291 0 0 47982691001480 4
279 0 0 47982691002840 4
300 1 0 47982693212176 4
2 0 0 47982691002856 4
228 0 0 47982691002848 4
301 0 0 47982691001312 4
269 0 0 47982691002864 4
230 1 0 47982693212184 4
2 0 0 47982691002880 4
288 0 0 47982691002872 4
291 0 0 47982691001288 4
289 0 0 47982691002888 4
230 1 0 47982693212192 4
2 0 0 47982693214268 4
288 1 0 47982693214268 4
1 0 0 47982693211304 4
279 1 0 47982693211304 4
3 1 0 47982693211304 4
84 1 0 140736740318360 4
10 0 0 47982691000912 4
223 1 0 47982693214228 4
2 0 0 47982691000920 4
278 0 0 47982691000916 4
230 1 0 47982693214232 4
5 0 0 47982691000924 4
285 1 0 47982693214240 4
3 1 0 47982693214236 4
7 1 0 47982693214248 4
2 1 0 47982693214256 4
9 1 0 47982693213520 4
4 1 0 47982693214312 4
2 1 0 47982693214320 4
4 1 0 47982693214328 4
2 1 0 47982693211704 4
8 1 0 47982693213432 4
2 1 0 140736740318360 4
2 1 0 140736740318352 4
2 1 0 140736740318344 4
3 1 0 140736740318336 4
2 1 0 140736740318328 4
2 1 0 47982693211704 4
3 0 0 140736740318416 4
243 1 0 47982693211080 4
3 1 0 47982693211592 4
2 1 0 47982693215280 4
5 0 0 140736740318456 4
290 0 0 140736740318464 4
300 0 0 140736740318472 4
210 0 0 140736740318480 4
280 0 0 140736740318488 4
220 0 0 140736740318496 4
270 0 0 140736740318504 4
220 0 0 140736740318512 4
280 0 0 140736740318520 4
230 0 0 140736740318528 4
280 0 0 140736740318536 4
290 0 0 140736740318544 4
220 0 0 140736740318552 4
280 0 0 140736740318560 4
230 0 0 140736740318568 4
270 0 0 140736740318576 4
220 0 0 140736740318584 4
290 0 0 140736740318592 4
220 0 0 140736740318600 4
200 0 0 140736740318608 4
290 0 0 140736740318616 4
300 0 0 140736740318624 4
200 0 0 140736740318632 4
210 0 0 140736740318640 4
290 0 0 140736740318648 4
280 0 0 140736740318656 4
220 0 0 140736740318664 4
290 0 0 140736740318672 4
290 0 0 140736740318680 4
300 0 0 140736740318688 4
230 0 0 140736740318696 4
280 0 0 140736740318704 4
210 0 0 140736740318712 4
290 0 0 140736740318720 4
220 0 0 140736740318728 4
200 0 0 140736740318736 4
300 0 0 140736740318744 4
280 0 0 140736740318752 4
220 0 0 140736740318760 4
270 0 0 140736740318768 4
210 0 0 140736740318776 4
190 0 0 140736740318784 4
200 0 0 140736740318792 4
300 0 0 140736740318800 4
230 0 0 140736740318808 4
290 0 0 140736740318816 4
280 0 0 140736740318824 4
210 0 0 140736740318832 4
210 0 0 140736740318840 4
190 0 0 140736740318848 4
290 0 0 140736740318856 4
230 0 0 140736740318864 4
270 0 0 140736740318872 4
300 0 0 140736740318880 4
300 0 0 140736740318888 4
230 0 0 140736740318896 4
280 0 0 140736740318904 4
210 0 0 140736740318912 4
190 0 0 140736740318920 4
120 0 0 140736740318928 4
280 0 0 140736740318936 4
210 0 0 140736740318944 4
210 0 0 140736740318952 4
290 0 0 140736740318960 4
300 0 0 140736740318968 4
280 0 0 140736740318976 4
220 0 0 140736740318984 4
290 0 0 140736740318992 4
210 0 0 140736740319000 4
200 0 0 140736740319008 4
200 0 0 140736740319016 4
290 0 0 140736740319024 4
290 0 0 140736740319032 4
220 0 0 140736740319040 4
290 0 0 140736740319048 4
300 0 0 140736740319056 4
220 0 0 140736740319064 4
190 0 0 140736740319072 4
190 0 0 140736740319080 4
200 0 0 140736740319088 4
210 0 0 140736740319096 4
210 0 0 140736740319104 4
280 0 0 140736740319112 4
290 0 0 140736740319120 4
230 0 0 140736740319128 4
280 0 0 140736740319136 4
210 0 0 140736740319144 4
280 0 0 140736740319152 4
210 0 0 140736740319160 4
290 0 0 140736740319168 4
230 0 0 140736740319176 4
270 0 0 140736740319184 4
220 0 0 140736740319192 4
290 0 0 140736740319200 4
290 0 0 140736740319208 4
210 0 0 140736740319216 4
220 0 0 140736740319224 4
270 0 0 140736740319232 4
210 0 0 140736740319240 4
290 0 0 140736740319248 4
210 0 0 140736740319256 4
210 0 0 140736740319264 4
210 0 0 140736740319272 4
290 0 0 140736740319280 4
290 0 0 140736740319288 4
290 0 0 140736740319296 4
230 0 0 140736740319304 4
200 0 0 140736740319312 4
190 0 0 140736740319320 4
180 0 0 140736740319328 4
210 1 0 47982693211112 4
4 1 0 47982693211712 4
4 1 0 140736740318320 4
3 0 0 140736740319336 4
